# SYSTEM: Arnold's Cat map--- 
#		t  			  x1 			 y1 			 x2 			 y2 
  0.000000 	   -0.372581 	   -0.808813 	    0.537063 	    0.010476 
  0.001000 	    0.265314 	   -0.543498 	    0.084603 	    0.095079 
  0.002000 	   -0.374292 	   -0.917790 	    0.264285 	    0.359365 
  0.003000 	   -0.389219 	   -0.307009 	    0.887936 	    0.247300 
  0.004000 	    0.468862 	    0.161853 	    0.023172 	    0.270472 
  0.005000 	    0.208196 	    0.370050 	    0.316815 	    0.587287 
  0.006000 	    0.003680 	    0.373729 	    0.220918 	    0.808205 
  0.007000 	    0.815564 	    0.189294 	    0.250040 	    0.058244 
  0.008000 	    0.689373 	    0.878667 	    0.558324 	    0.616568 
  0.009000 	    0.995315 	    0.873982 	    0.733215 	    0.349783 
  0.010000 	    0.340413 	    0.214395 	    0.816214 	    0.165998 
  0.011000 	    0.846823 	    0.061218 	    0.798426 	    0.964424 
  0.012000 	    0.658070 	    0.719288 	    0.561277 	    0.525701 
  0.013000 	    0.841842 	    0.561130 	    0.648254 	    0.173955 
  0.014000 	    0.857639 	    0.418769 	    0.470464 	    0.644419 
  0.015000 	    0.359697 	    0.778465 	    0.585348 	    0.229767 
  0.016000 	    0.949161 	    0.727626 	    0.400462 	    0.630229 
  0.017000 	    0.528550 	    0.256176 	    0.431153 	    0.061382 
  0.018000 	    0.118482 	    0.374658 	    0.923688 	    0.985070 
  0.019000 	    0.222033 	    0.596691 	    0.832445 	    0.817515 
  0.020000 	    0.261582 	    0.858273 	    0.482406 	    0.299921 
  0.021000 	    0.823084 	    0.681357 	    0.264732 	    0.564652 
  0.022000 	    0.210820 	    0.892176 	    0.094115 	    0.658768 
  0.023000 	    0.080407 	    0.972584 	    0.846999 	    0.505766 
  0.024000 	    0.666581 	    0.639164 	    0.199763 	    0.705530 
  0.025000 	    0.038691 	    0.677855 	    0.105056 	    0.810586 
  0.026000 	    0.887968 	    0.565823 	    0.020698 	    0.831284 
  0.027000 	    0.607220 	    0.173043 	    0.872681 	    0.703965 
  0.028000 	    0.918404 	    0.091447 	    0.449326 	    0.153290 
  0.029000 	    0.990099 	    0.081546 	    0.051941 	    0.205231 
  0.030000 	    0.185429 	    0.266975 	    0.309114 	    0.514345 
  0.031000 	    0.885202 	    0.152177 	    0.132573 	    0.646918 
  0.032000 	    0.417323 	    0.569500 	    0.912064 	    0.558982 
  0.033000 	    0.393627 	    0.963127 	    0.383109 	    0.942090 
  0.034000 	    0.729344 	    0.692471 	    0.708308 	    0.650398 
  0.035000 	    0.109086 	    0.801557 	    0.067014 	    0.717412 
  0.036000 	    0.935585 	    0.737143 	    0.851441 	    0.568853 
  0.037000 	    0.440024 	    0.177167 	    0.271735 	    0.840588 
  0.038000 	    0.720637 	    0.897803 	    0.384058 	    0.224647 
  0.039000 	    0.665920 	    0.563723 	    0.992763 	    0.217410 
  0.040000 	    0.549250 	    0.112973 	    0.202936 	    0.420346 
  0.041000 	    0.518846 	    0.631819 	    0.826219 	    0.246565 
  0.042000 	    0.284257 	    0.916076 	    0.899003 	    0.145568 
  0.043000 	    0.714082 	    0.630157 	    0.943574 	    0.089142 
  0.044000 	    0.517305 	    0.147462 	    0.976289 	    0.065431 
  0.045000 	    0.100040 	    0.247502 	    0.018009 	    0.083440 
  0.046000 	    0.283520 	    0.531022 	    0.119458 	    0.202897 
  0.047000 	    0.769938 	    0.300960 	    0.441813 	    0.644710 
  0.048000 	    0.184586 	    0.485547 	    0.528336 	    0.173047 
  0.049000 	    0.542219 	    0.027766 	    0.229719 	    0.402766 
  0.050000 	    0.487204 	    0.514970 	    0.862204 	    0.264970 
  0.051000 	    0.239378 	    0.754348 	    0.989378 	    0.254348 
  0.052000 	    0.733105 	    0.487454 	    0.233105 	    0.487454 
  0.053000 	    0.953664 	    0.441118 	    0.953664 	    0.441118 
  0.054000 	    0.348447 	    0.789565 	    0.348447 	    0.789565 
  0.055000 	    0.486459 	    0.276024 	    0.486459 	    0.276024 
  0.056000 	    0.248941 	    0.524965 	    0.248941 	    0.524965 
  0.057000 	    0.022846 	    0.547811 	    0.022846 	    0.547811 
  0.058000 	    0.593504 	    0.141315 	    0.593504 	    0.141315 
  0.059000 	    0.328323 	    0.469638 	    0.328323 	    0.469638 
  0.060000 	    0.126284 	    0.595922 	    0.126284 	    0.595922 
  0.061000 	    0.848489 	    0.444410 	    0.848489 	    0.444410 
  0.062000 	    0.141388 	    0.585798 	    0.141388 	    0.585798 
  0.063000 	    0.868574 	    0.454372 	    0.868574 	    0.454372 
  0.064000 	    0.191521 	    0.645893 	    0.191521 	    0.645893 
  0.065000 	    0.028934 	    0.674828 	    0.028934 	    0.674828 
  0.066000 	    0.732697 	    0.407524 	    0.732697 	    0.407524 
  0.067000 	    0.872917 	    0.280441 	    0.872917 	    0.280441 
  0.068000 	    0.026276 	    0.306717 	    0.026276 	    0.306717 
  0.069000 	    0.359268 	    0.665985 	    0.359268 	    0.665985 
  0.070000 	    0.384521 	    0.050507 	    0.384521 	    0.050507 
  0.071000 	    0.819550 	    0.870056 	    0.819550 	    0.870056 
  0.072000 	    0.509155 	    0.379211 	    0.509155 	    0.379211 
  0.073000 	    0.397522 	    0.776733 	    0.397522 	    0.776733 
  0.074000 	    0.571777 	    0.348511 	    0.571777 	    0.348511 
  0.075000 	    0.492065 	    0.840576 	    0.492065 	    0.840576 
  0.076000 	    0.824707 	    0.665283 	    0.824707 	    0.665283 
  0.077000 	    0.314697 	    0.979980 	    0.314697 	    0.979980 
  0.078000 	    0.609375 	    0.589355 	    0.609375 	    0.589355 
  0.079000 	    0.808105 	    0.397461 	    0.808105 	    0.397461 
  0.080000 	    0.013672 	    0.411133 	    0.013672 	    0.411133 
  0.081000 	    0.438477 	    0.849609 	    0.438477 	    0.849609 
  0.082000 	    0.726562 	    0.576172 	    0.726562 	    0.576172 
  0.083000 	    0.029297 	    0.605469 	    0.029297 	    0.605469 
  0.084000 	    0.664062 	    0.269531 	    0.664062 	    0.269531 
  0.085000 	    0.597656 	    0.867188 	    0.597656 	    0.867188 
  0.086000 	    0.062500 	    0.929688 	    0.062500 	    0.929688 
  0.087000 	    0.054688 	    0.984375 	    0.054688 	    0.984375 
  0.088000 	    0.093750 	    0.078125 	    0.093750 	    0.078125 
  0.089000 	    0.265625 	    0.343750 	    0.265625 	    0.343750 
  0.090000 	    0.875000 	    0.218750 	    0.875000 	    0.218750 
  0.091000 	    0.968750 	    0.187500 	    0.968750 	    0.187500 
  0.092000 	    0.125000 	    0.312500 	    0.125000 	    0.312500 
  0.093000 	    0.562500 	    0.875000 	    0.562500 	    0.875000 
  0.094000 	    0.000000 	    0.875000 	    0.000000 	    0.875000 
  0.095000 	    0.875000 	    0.750000 	    0.875000 	    0.750000 
  0.096000 	    0.500000 	    0.250000 	    0.500000 	    0.250000 
  0.097000 	    0.250000 	    0.500000 	    0.250000 	    0.500000 
  0.098000 	    0.000000 	    0.500000 	    0.000000 	    0.500000 
  0.099000 	    0.500000 	    0.000000 	    0.500000 	    0.000000 

#Synchronisation Step: 0.053000

